0.304274 -0.291248 -0.250424
0.302647 -0.289881 -0.248977
0.297276 -0.285308 -0.244199
0.292146 -0.280944 -0.239594
0.289038 -0.278274 -0.236786
0.285683 -0.275382 -0.233752
0.280481 -0.271073 -0.229049
0.271949 -0.264133 -0.221328
0.265036 -0.258818 -0.215034
0.259161 -0.254284 -0.20969
0.251482 -0.250092 -0.201727
0.243137 -0.245727 -0.192981
0.235305 -0.241678 -0.184764
0.227833 -0.237815 -0.176925
0.218513 -0.232993 -0.167147
0.215076 -0.231247 -0.163537
0.209485 -0.228445 -0.157663
0.200105 -0.223886 -0.147793
0.18795 -0.218424 -0.134971
0.181561 -0.215587 -0.128228
0.176092 -0.213158 -0.122457
0.169519 -0.210248 -0.115534
0.159239 -0.207395 -0.105205
0.149172 -0.204691 -0.095105
0.137947 -0.201638 -0.083807
0.133318 -0.200401 -0.0793757
0.128658 -0.199008 -0.0749297
0.122033 -0.196586 -0.0685831
0.117464 -0.194879 -0.0642338
0.107746 -0.191164 -0.0550172
0.102221 -0.188476 -0.0496764
0.0942284 -0.186856 -0.04298
0.091142 -0.186444 -0.0404987
0.0815543 -0.186474 -0.0341091
0.0649747 -0.182916 -0.0225711

-0.284054 -0.285435 -0.108735
-0.281476 -0.277091 -0.095993

-0.115199 -0.442307 -0.0357321
-0.114791 -0.436449 -0.0342161
-0.114423 -0.430905 -0.0328438
-0.113915 -0.423333 -0.0310235
-0.113528 -0.415917 -0.0293852
-0.11289 -0.402413 -0.027104
-0.112333 -0.389729 -0.0249702
-0.111962 -0.381237 -0.0235545
-0.111743 -0.376263 -0.0227249
-0.111171 -0.362224 -0.0204328
-0.110355 -0.347708 -0.0187175
-0.109494 -0.333289 -0.0173042
-0.108793 -0.32167 -0.0162264
-0.107909 -0.307919 -0.0151566
-0.107401 -0.300161 -0.0145633
-0.106697 -0.289765 -0.0137818
-0.106227 -0.275945 -0.0130616
-0.106965 -0.264422 -0.0138855
-0.113892 -0.246007 -0.0161702

0.189818 0.462774 0.104523
0.187338 0.459598 0.110298
0.185763 0.457199 0.114082
0.183784 0.454051 0.118868
0.181637 0.450624 0.124052
0.179026 0.445831 0.130438
0.175324 0.438192 0.139638
0.172154 0.429906 0.147814
0.171106 0.426589 0.150649
0.171546 0.411705 0.153946
0.17207 0.396065 0.157321
0.172454 0.388647 0.158639
0.172817 0.383912 0.159234
0.173071 0.380255 0.159752
0.17411 0.371378 0.160117
0.175238 0.362374 0.160337
0.177473 0.349151 0.159352
0.179615 0.338348 0.157907
0.181311 0.330518 0.156218
0.183558 0.32084 0.153404
0.185643 0.312285 0.15011
0.187001 0.306874 0.147965
0.188495 0.301558 0.146672
0.189642 0.290314 0.137897

0.189642 0.290314 0.137897
0.186593 0.29258 0.126974
0.18463 0.294052 0.119816
0.183383 0.293614 0.110937
0.184658 0.289383 0.10346
0.186221 0.284495 0.0957773
0.188532 0.277531 0.0869771
0.190133 0.27267 0.0829182
0.193153 0.263486 0.0754929
0.196653 0.252591 0.0682734
0.198372 0.243271 0.0686715
0.199083 0.239432 0.0688007
0.199973 0.234519 0.0690452
0.202457 0.220696 0.0698033
0.203662 0.213583 0.070449
0.205036 0.204719 0.0717006
0.206578 0.193236 0.0738441
0.207364 0.184075 0.0786544
0.207658 0.176482 0.0837088
0.208203 0.173454 0.0925648

0.189642 0.290314 0.137897
0.192508 0.281122 0.139373
0.193237 0.279028 0.14004
0.193651 0.277709 0.140253
0.197763 0.26265 0.139702

0.208203 0.173454 0.0925648
0.2062 0.15505 0.0892159
0.203246 0.141251 0.0870482
0.201826 0.135234 0.0853339
0.199995 0.128554 0.0837052
0.198312 0.122646 0.0821924
0.19643 0.116389 0.0805636
0.194901 0.11217 0.0796708
0.191994 0.103518 0.0775343
0.187981 0.0928067 0.0750022
0.181591 0.0804684 0.0723386
0.174602 0.0687515 0.0688773
0.162871 0.0495551 0.0626244
0.144622 0.0174678 0.0534465

0.208203 0.173454 0.0925648
0.209191 0.177211 0.0985635
0.211253 0.182546 0.10795

0.211253 0.182546 0.10795
0.208897 0.189732 0.111516
0.208193 0.194213 0.113584
0.20772 0.19761 0.115139
0.206801 0.204195 0.118202
0.204927 0.215401 0.123471
0.203727 0.224035 0.127462
0.202429 0.235278 0.132896
0.201062 0.242067 0.134738
0.200512 0.246961 0.136396
0.199636 0.252468 0.137727
0.197763 0.26265 0.139702

0.211253 0.182546 0.10795
0.220839 0.171023 0.113297
0.22612 0.169842 0.118266
0.234097 0.171724 0.127764
0.240874 0.173517 0.136012
0.248823 0.179511 0.147931
0.256144 0.185382 0.159181
0.257236 0.192826 0.166081
0.257077 0.19896 0.170855
0.256702 0.202209 0.173118
0.253842 0.212199 0.178484
0.252163 0.218393 0.181896
0.249172 0.225069 0.184376
0.2455 0.23116 0.185565
0.240919 0.237282 0.185685
0.235621 0.241758 0.181658
0.230661 0.245943 0.177868
0.227254 0.24877 0.175195
0.220279 0.254464 0.169614
0.213848 0.259367 0.163787
0.208629 0.264027 0.158413
0.203251 0.268621 0.152097
0.197763 0.26265 0.139702

0.0312592 0.0670683 -0.0667248
0.0599315 0.0644702 -0.0583819
0.0767565 0.0628558 -0.0526307
0.094512 0.060636 -0.0395838
0.101594 0.059674 -0.0340962
0.115684 0.0576223 -0.0228566
0.120129 0.0566495 -0.018746
0.124017 0.0548582 -0.013903
0.126879 0.0510702 -0.00718614
0.128626 0.0486502 -0.00289694
0.130794 0.0456114 0.00243446
0.135053 0.0390826 0.0134841
0.136091 0.0346357 0.0200582
0.136111 0.0197165 0.03358
0.137016 0.0152211 0.0395288
0.144622 0.0174678 0.0534465

-0.302048 -0.391632 -0.208798
-0.298106 -0.383453 -0.202898
-0.294633 -0.375787 -0.196851
-0.292141 -0.37073 -0.192817
-0.2887 -0.363805 -0.187321
-0.284203 -0.354741 -0.180133
-0.279856 -0.345941 -0.173173
-0.272361 -0.332393 -0.1606
-0.265696 -0.321131 -0.149258
-0.259286 -0.309931 -0.13794
-0.250073 -0.290803 -0.116339
-0.242137 -0.278431 -0.102246

0.127204 -0.425147 -0.0574258
0.126583 -0.421892 -0.0566651
0.125878 -0.418709 -0.0558792
0.12384 -0.408693 -0.0537444
0.122911 -0.404134 -0.0527634
0.121436 -0.397035 -0.0512301
0.117292 -0.382893 -0.0487983
0.113957 -0.371877 -0.0470041
0.112119 -0.365817 -0.0460208
0.110834 -0.361593 -0.0453406
0.10986 -0.358391 -0.044825
0.109118 -0.355958 -0.044436
0.10658 -0.347696 -0.0431359
0.103896 -0.339469 -0.0419843
0.100673 -0.32973 -0.0406093
0.0985403 -0.323312 -0.0397009
0.0969321 -0.318473 -0.0390159
0.0952837 -0.313513 -0.0383138
0.0923349 -0.30464 -0.0370578
0.0897077 -0.296722 -0.0359384
0.0839879 -0.279772 -0.0335958
0.0740431 -0.256194 -0.0300035
0.0704178 -0.247997 -0.0285047
0.0680589 -0.242479 -0.0275265
0.0565563 -0.218174 -0.0225435

0.14466 -0.0722011 0.21965
0.146898 -0.0700648 0.214693
0.158245 -0.0529903 0.18072
0.162953 -0.0458087 0.166493
0.165656 -0.0411544 0.1571
0.166954 -0.0365764 0.147221
0.162764 -0.0324547 0.133813
0.158633 -0.029193 0.122858
0.155613 -0.0246965 0.113317
0.153739 -0.0218487 0.107345
0.152173 -0.0206481 0.103215
0.150459 -0.0196591 0.0987635
0.143452 -0.0150868 0.080126
0.14106 -0.0131892 0.0734365
0.13915 -0.0111102 0.0675884
0.135056 -0.0104941 0.0584959

-0.281476 -0.277091 -0.095993
-0.288815 -0.274662 -0.0912037
-0.289421 -0.272079 -0.0870304
-0.287181 -0.26529 -0.0770248
-0.285581 -0.261127 -0.0709549
-0.283454 -0.255302 -0.0624267
-0.279494 -0.25109 -0.0569956
-0.276833 -0.248179 -0.0532184
-0.273477 -0.244643 -0.0486664
-0.267589 -0.240061 -0.0432158
-0.26187 -0.23669 -0.0395614
-0.253208 -0.232303 -0.0350579
-0.245789 -0.229232 -0.0323237
-0.23441 -0.227035 -0.0307117
-0.221078 -0.22701 -0.0298457
-0.20866 -0.228311 -0.0295397
-0.202411 -0.229404 -0.02953
-0.197181 -0.230531 -0.029858
-0.181657 -0.236222 -0.0345668

-0.281476 -0.277091 -0.095993
-0.269182 -0.277241 -0.0979102
-0.265625 -0.277063 -0.0981271
-0.260115 -0.276907 -0.0986034
-0.252659 -0.277541 -0.100125
-0.251168 -0.277555 -0.100292
-0.242137 -0.278431 -0.102246

-0.242137 -0.278431 -0.102246
-0.23035 -0.270563 -0.0939387
-0.225531 -0.267442 -0.0906574
-0.220725 -0.264524 -0.0876145
-0.211922 -0.260063 -0.0829855
-0.207367 -0.256369 -0.0759794
-0.201498 -0.252203 -0.0679393
-0.195537 -0.247527 -0.0588779
-0.190467 -0.244605 -0.0522582
-0.181657 -0.236222 -0.0345668

0.0630898 -0.22993 -0.0253825
0.0565563 -0.218174 -0.0225435

0.144622 0.0174678 0.0534465
0.138153 0.00188671 0.0538794
0.136848 -0.00377154 0.0562223
0.135056 -0.0104941 0.0584959

0.0565563 -0.218174 -0.0225435
0.0607462 -0.205732 -0.0235656
0.0643782 -0.199627 -0.0248542
0.0649747 -0.182916 -0.0225711

-0.113892 -0.246007 -0.0161702
-0.0841498 -0.233673 -0.0121917
-0.0629379 -0.223193 -0.0106843
-0.057161 -0.220163 -0.0102779
-0.0505946 -0.216749 -0.00982099
-0.0434099 -0.213028 -0.0093229
-0.039137 -0.210816 -0.0090266
-0.0253904 -0.204075 -0.00826876
-0.00717342 -0.196874 -0.00821703
0.00417233 -0.193323 -0.00881139
0.0174199 -0.189614 -0.0100062
0.0295343 -0.186516 -0.0116949
0.033754 -0.186149 -0.0127879
0.0429554 -0.184416 -0.0149113
0.0482991 -0.184203 -0.0167819
0.0649747 -0.182916 -0.0225711

-0.113892 -0.246007 -0.0161702
-0.13852 -0.240185 -0.0208952
-0.143669 -0.238493 -0.0219281
-0.144427 -0.238233 -0.0220802
-0.149802 -0.23646 -0.0231638
-0.156137 -0.234791 -0.0245356
-0.1614 -0.235246 -0.0269026
-0.164702 -0.235618 -0.0284928
-0.181657 -0.236222 -0.0345668

0.0649747 -0.182916 -0.0225711
0.0681923 -0.166147 -0.0146381
0.0693256 -0.156639 -0.00957911
0.0705145 -0.149369 -0.00584912
0.0713418 -0.141679 -0.00164125
0.0723211 -0.131416 0.00405148
0.0727596 -0.124475 0.00806783
0.0735502 -0.118469 0.0113743
0.0754863 -0.111152 0.0150937
0.0782395 -0.104829 0.0177439
0.0795523 -0.102023 0.0188735
0.0822176 -0.0965385 0.0210292
0.0860589 -0.0887214 0.0240766
0.0885691 -0.0840944 0.0257345
0.0923387 -0.0772477 0.0281619
0.0991968 -0.0651448 0.0324166
0.107639 -0.0515339 0.0379364
0.111387 -0.0455082 0.0403816
0.114694 -0.0402136 0.0425654
0.120319 -0.0312058 0.0462764
0.125489 -0.0238545 0.0504821
0.130188 -0.0178832 0.0549454
0.135056 -0.0104941 0.0584959

