0.0469689 -0.0056659 0.977742
0.0453733 -0.00326106 0.977921
0.0444669 -0.00175594 0.978012
0.0436379 -0.0011278 0.97811
0.0430662 -0.000709462 0.978176
0.0426091 -0.000413168 0.978227
0.0412855 0.000415358 0.978373
0.0407007 0.000764932 0.978436
0.0401557 0.00108358 0.978493
0.0399571 0.00119796 0.978514
0.0384383 0.00206047 0.978661
0.036929 0.00291855 0.978866
0.035959 0.00331456 0.97897
0.0350396 0.00366551 0.979008
0.0338635 0.00411401 0.979053
0.0317572 0.00497143 0.979171
0.0301424 0.00558471 0.979242
0.0283695 0.00618038 0.979326
0.0274233 0.00651819 0.979372
0.0262368 0.00688606 0.979407
0.0246121 0.00736591 0.979453
0.0234288 0.00768447 0.979489
0.0224432 0.00792118 0.979535
0.0210617 0.00812322 0.979633
0.0202207 0.00824735 0.979685
0.0194842 0.00835468 0.979731
0.0176544 0.0086176 0.979832
0.0171137 0.0086938 0.979856
0.0163976 0.00879551 0.979889
0.0158021 0.00887576 0.979917
0.0149582 0.00898349 0.97996
0.0144673 0.00900392 0.980002
0.0136869 0.00902356 0.980073
0.0125033 0.00905362 0.98018
0.0116094 0.0090756 0.980261
0.0106014 0.00909954 0.980351
0.00931187 0.00912627 0.980466
0.00632232 0.00917942 0.980743
0.00449926 0.00891593 0.980864
0.00312691 0.00872583 0.980968
0.00242713 0.0086284 0.981021
0.00144239 0.00849151 0.981097
2.10942e-05 0.00829513 0.981197
-0.00159382 0.00800114 0.981291
-0.00334763 0.00764906 0.981341
-0.00433567 0.00746926 0.981317
-0.00557796 0.00727182 0.981392
-0.00765726 0.00692089 0.981424
-0.00967463 0.006641 0.981389
-0.0126216 0.00642837 0.981263
-0.0143405 0.00654632 0.981179
-0.0154121 0.00662211 0.981126
-0.0169374 0.00677974 0.981041
-0.0179808 0.00680759 0.98104
-0.0185493 0.0068245 0.981039
-0.0192053 0.00688972 0.98102
-0.0199304 0.00697514 0.980993

0.0469689 -0.0056659 0.977742
0.0491851 -0.00608992 0.977239
0.0495987 -0.00606291 0.977136
0.0510828 -0.00558239 0.976732
0.0519304 -0.00509899 0.976482
0.053027 -0.00450125 0.976161
0.0552678 -0.00483177 0.975553
0.0572031 -0.0051304 0.974996
0.058274 -0.00531052 0.974669
0.059374 -0.00549882 0.974325
0.059884 -0.00558844 0.974161
0.0606351 -0.00572275 0.973916
0.0614643 -0.00587599 0.973632
0.0621898 -0.00601148 0.97338
0.062863 -0.00613888 0.973141
0.0638755 -0.0063314 0.972779
0.0651174 -0.00657165 0.972332
0.0668889 -0.00692016 0.97168
0.0678343 -0.00703731 0.971259
0.0690245 -0.00715766 0.970713
0.0705755 -0.00729145 0.970052
0.071647 -0.00730304 0.969539
0.0725133 -0.00731158 0.969123
0.0734875 -0.00737542 0.968705
0.0744318 -0.00728708 0.968205
0.0752835 -0.00720106 0.967795
0.0768946 -0.00701639 0.96694
0.0788049 -0.00665548 0.965886
0.0796527 -0.00650188 0.965427
0.0799408 -0.00644836 0.965272
0.0805082 -0.0063418 0.964967
0.0816004 -0.00612038 0.964414
0.0822564 -0.00594323 0.964018
0.0832025 -0.00564713 0.963511
0.0843165 -0.00528742 0.962839
0.0854876 -0.00491056 0.962217
0.0862224 -0.00465064 0.961793
0.0871678 -0.00432492 0.961237

0.0469689 -0.0056659 0.977742
0.0474104 -0.0073906 0.977784
0.0471867 -0.00964572 0.978034
0.0466351 -0.0116049 0.978337
0.0465087 -0.0120769 0.978408
0.0464002 -0.0124773 0.978469
0.0461282 -0.0133969 0.978614
0.046003 -0.0138198 0.978681
0.0458157 -0.0144608 0.978782
0.0457139 -0.01494 0.978832
0.0454789 -0.0159139 0.978914
0.0452061 -0.0169073 0.978989
0.0449379 -0.0178449 0.979057
0.0445499 -0.0190518 0.979133
0.0441777 -0.0201391 0.979195
0.0438655 -0.0210161 0.979241
0.0434672 -0.0220856 0.979291
0.0431126 -0.0230152 0.979331
0.0428579 -0.0236702 0.979359
0.0425843 -0.0243568 0.979384
0.0423474 -0.0250665 0.979448
0.0419428 -0.0258103 0.979395
0.0414905 -0.0266215 0.97933
0.0409368 -0.0275835 0.979242
0.0401568 -0.0289717 0.97913
0.0392091 -0.0306304 0.978991
0.0388309 -0.0312902 0.978935
0.0379648 -0.0327893 0.978808
0.0370654 -0.0343439 0.978675
0.0365495 -0.0352323 0.978597
0.0350815 -0.0377195 0.978364
0.0342039 -0.0390422 0.978219
0.0331458 -0.0405652 0.978026
0.0324822 -0.0413444 0.977927

-0.0538581 -0.0181914 0.988229
-0.0531305 -0.0174962 0.988183
-0.0527199 -0.0170608 0.987948
-0.0518517 -0.0161877 0.987708
-0.051147 -0.0154695 0.987589
-0.0502779 -0.0145734 0.987492
-0.0493777 -0.0136567 0.987404
-0.0485589 -0.0128133 0.987278
-0.0474374 -0.0116802 0.98709
-0.0463481 -0.0105776 0.986995
-0.0451136 -0.00938489 0.98689
-0.0443884 -0.00871443 0.986804
-0.0432676 -0.00764483 0.986719
-0.0417977 -0.00633713 0.986419
-0.0402577 -0.00543193 0.98609
-0.0387757 -0.00452052 0.985772
-0.0372883 -0.0036096 0.985459
-0.0358757 -0.00274808 0.985159
-0.0346556 -0.00200516 0.984901
-0.033988 -0.00160233 0.984758
-0.0333219 -0.0012045 0.984616
-0.0327273 -0.00085356 0.984486
-0.0315982 -0.000194698 0.984246
-0.0295469 0.0010164 0.98372
-0.0278505 0.0019718 0.983259
-0.0270032 0.00246915 0.982995
-0.026063 0.00305269 0.982705
-0.0251486 0.00364202 0.982419
-0.0247167 0.00393615 0.982281
-0.0236695 0.00468632 0.981937
-0.0211737 0.00618296 0.981318
-0.0199304 0.00697514 0.980993

-0.0660678 0.0799506 0.964077
-0.0658798 0.0795537 0.964221
-0.0653773 0.07864 0.964587
-0.0648021 0.0776514 0.964978
-0.0640504 0.0762422 0.965584
-0.0632706 0.0746818 0.966201
-0.0627243 0.0737066 0.966673
-0.0622061 0.0727384 0.967127
-0.0619621 0.0722812 0.967342
-0.0615278 0.0714654 0.967726
-0.0610355 0.0705423 0.96816
-0.0603684 0.0692998 0.968747
-0.0597693 0.0681845 0.969256
-0.0594595 0.0676297 0.969523
-0.0591451 0.0670785 0.969794
-0.057952 0.065016 0.970825
-0.0573795 0.0640712 0.971315
-0.056563 0.0627234 0.972003
-0.0555271 0.0611072 0.972872
-0.0548764 0.0601064 0.973412
-0.0539908 0.0588041 0.974136
-0.053481 0.0580636 0.974514
-0.0526746 0.0569646 0.975096
-0.0519325 0.055968 0.97558
-0.0510737 0.0547354 0.976192
-0.0503021 0.0536787 0.976645
-0.0488239 0.0516112 0.977406
-0.04793 0.0502629 0.977808
-0.0467738 0.0486099 0.97813
-0.0460362 0.0475114 0.978264
-0.0454315 0.0466255 0.978345
-0.0445692 0.0453697 0.978447
-0.0435698 0.0437474 0.978347
-0.042717 0.0423882 0.978248
-0.0418023 0.0409206 0.978202
-0.0413294 0.0402016 0.9781
-0.0410171 0.0397114 0.978055
-0.0405197 0.038961 0.977975
-0.0397913 0.0378635 0.977856
-0.0391843 0.0369495 0.977757
-0.0386396 0.0361301 0.977668
-0.0380864 0.0352985 0.977578
-0.0375341 0.0344686 0.977489
-0.0362419 0.0325285 0.97728
-0.0354917 0.0314035 0.97716
-0.0349144 0.0305385 0.977067
-0.0342245 0.0295067 0.976958
-0.0336931 0.0287121 0.976874
-0.0330931 0.0278155 0.976777
-0.0325939 0.0270715 0.976829
-0.0316355 0.0256521 0.976735
-0.0307614 0.0243718 0.976716
-0.0301657 0.023507 0.976666
-0.0299206 0.0231408 0.976614
-0.0290781 0.0218958 0.976766
-0.0286142 0.0212087 0.976845
-0.0270717 0.0189947 0.977125
-0.0260201 0.0173428 0.977478
-0.0252485 0.0159936 0.977858
-0.0247092 0.0151112 0.978131
-0.0246319 0.0149807 0.978171
-0.0237678 0.0135157 0.978628
-0.0233234 0.0127479 0.978873
-0.0228252 0.0118465 0.979176
-0.0224331 0.0111191 0.979424
-0.0219868 0.0102781 0.979713
-0.0211447 0.00888227 0.980253
-0.0205194 0.00774802 0.980694
-0.0199304 0.00697514 0.980993

