0.00261497 6.40846 6.39716
-0.00337782 6.41709 6.36901
-0.00174051 6.43132 6.32109
-0.00349442 6.44424 6.27716
-0.00503459 6.47727 6.14345
-0.0104874 6.49772 6.03833
-0.0145518 6.51146 5.9596
-0.0205835 6.52282 5.8861
-0.025315 6.54452 5.74731
-0.0265846 6.55027 5.65689
-0.0165136 6.5429 5.59899
-0.0119765 6.53285 5.54148
0.00637587 6.50782 5.43913
0.0238277 6.48386 5.3297
0.0815777 6.42106 5.19377
0.145395 6.38313 5.11974

1.01897 0.421997 0.0628335
1.05207 0.483915 0.0207638
1.04385 0.60381 -0.0266483
1.04769 0.719494 -0.0447149
1.04873 0.803692 -0.037129
1.05688 0.948858 -0.0163011
1.06908 1.11593 0.019074
1.07806 1.22108 0.0469235
1.08542 1.29973 0.0705155
1.0943 1.38308 0.101553
1.10325 1.46892 0.136485
1.11265 1.56102 0.17715
1.12134 1.65581 0.222554
1.13074 1.76412 0.274958
1.13349 1.91375 0.342186
1.13688 2.07677 0.416111
1.11001 2.16321 0.428953
1.06589 2.27545 0.438655
1.01605 2.39728 0.448417
0.992935 2.45145 0.45238
0.918632 2.6 0.459281
0.890686 2.65577 0.461853
0.853058 2.73086 0.465321
0.822917 2.79103 0.468118
0.740348 2.95714 0.476183
0.673261 3.08145 0.481454
0.595705 3.18157 0.485043
0.465135 3.34433 0.506643
0.420818 3.39915 0.515157
0.373173 3.44317 0.519894
0.337764 3.47263 0.523159
0.286422 3.51514 0.527312
0.201488 3.5808 0.536393
0.112947 3.64388 0.544562
0.00924497 3.71398 0.543265

1.01897 0.421997 0.0628335
1.09058 0.370907 0.062301
1.15937 0.255373 0.0967063

1.01897 0.421997 0.0628335
0.955617 0.412398 0.102279
0.918204 0.413237 0.142845
0.893276 0.427925 0.186054
0.861245 0.452373 0.261602
0.82301 0.490443 0.361717
0.812456 0.512409 0.40499
0.818128 0.555863 0.457885
0.820141 0.597832 0.517461
0.82197 0.645579 0.586272
0.821339 0.670468 0.631549
0.821271 0.686509 0.684377
0.821774 0.682353 0.744834
0.821297 0.665787 0.804401
0.821022 0.634865 0.862457
0.820731 0.594921 0.913952
0.820639 0.55976 0.947377
0.820505 0.546759 0.956853

1.17023 2.82019 3.74835
0.994379 2.73209 3.87521
0.959659 2.62263 3.91314
0.939374 2.52603 3.93137
0.937979 2.51511 3.93289
0.923 2.41308 3.93698
0.912819 2.32148 3.93005
0.905346 2.24363 3.91626
0.90095 2.17632 3.89867
0.890714 2.11473 3.8722
0.890764 2.03546 3.82541
0.871828 1.93974 3.71587
0.86715 1.92094 3.6985

1.17023 2.82019 3.74835
1.17509 2.93362 3.63576
1.16331 2.9593 3.57418
1.15197 2.977 3.53013
1.14474 2.9895 3.49876
1.13102 3.00907 3.44356
1.11493 3.01434 3.38832
1.09936 3.01604 3.33806
1.05868 3.02036 3.17788
1.02607 2.97854 3.04569
0.98641 2.93453 2.8808
0.970052 2.91572 2.81376
0.957112 2.91331 2.76943
0.931795 2.92371 2.69101
0.90687 2.94497 2.63099
0.861926 3.01242 2.57112
0.808956 3.1126 2.53999
0.760207 3.21046 2.52942
0.739761 3.24954 2.52577
0.654307 3.40896 2.51978
0.563098 3.52488 2.51022
0.419116 3.69709 2.48888
0.398789 3.71773 2.47702
0.287642 3.82297 2.39631
0.23969 3.86245 2.36216
0.225347 3.87368 2.35202
0.138296 3.93495 2.29311
0.043464 4.00201 2.25083

1.17023 2.82019 3.74835
1.24253 2.75547 3.77854

-0.0139116 6.07581 4.65773
-0.0130908 6.08357 4.79765

-0.000111646 4.65926 -8.8909
-0.000167946 4.66852 -8.87191
-0.000285245 4.69151 -8.82333
-0.000372848 4.76282 -8.66742
-0.000463195 4.768 -8.65552
-0.000505209 4.91971 -8.30526
-0.00018484 5.0715 -7.91335
-0.000511521 5.17147 -7.57533
-0.000653166 5.17874 -7.55178
-0.000780947 5.2526 -7.21606
-0.000805166 5.31227 -6.82881
-0.00111204 5.33771 -6.49666
-0.0013606 5.33433 -6.10835
-0.00170417 5.30302 -5.74576
-0.002075 5.24318 -5.39706
-0.00259847 5.16285 -5.1098
-0.00334962 5.15331 -5.08037
-0.00319213 5.01459 -4.71194
-0.00285812 4.92224 -4.46713
-0.00263337 4.86815 -4.32203
-0.00183681 4.67531 -3.80244
-0.00162243 4.61988 -3.64812
-0.00140132 4.56219 -3.48685
-0.00127759 4.52627 -3.38076
-0.00118539 4.49924 -3.30059
-0.00103946 4.45631 -3.17364
-0.000952147 4.43223 -3.09014
-0.000849744 4.40381 -2.99011
-0.000749234 4.3759 -2.89178
-0.000676364 4.35569 -2.82055
-0.000603712 4.33564 -2.74987
-0.000333506 4.29926 -2.62131
-0.000560631 4.27333 -2.53078
-0.000762559 4.23751 -2.32785
-0.000764475 4.21507 -2.19787
-0.000776197 4.20526 -2.14049
-0.000769875 4.19382 -2.07098
0.000436307 4.14688 -1.73285
0.000921567 4.1283 -1.59837
0.00126981 4.11505 -1.50244
0.0015887 4.10308 -1.41585
0.00187521 4.09233 -1.33802
0.00210202 4.08417 -1.27908
0.002386 4.07321 -1.19971
0.00277998 4.05844 -1.0923
0.00291705 4.0483 -1.01495
0.00282244 4.03826 -0.937637
0.00134058 4.02428 -0.816976
-0.00250201 4.0017 -0.612006
-0.00283235 3.99807 -0.580665
-0.00409215 3.98547 -0.501697
-0.00505377 3.97722 -0.451004
-0.00629344 3.96634 -0.385796
-0.00741305 3.9564 -0.327044
-0.00886432 3.93922 -0.227114
-0.0108551 3.92652 -0.155893
-0.0152359 3.90714 -0.0559182
-0.0169851 3.88096 0.0177719
-0.0177597 3.87127 0.0436049
-0.02093 3.82804 0.155477
-0.0169732 3.79467 0.238498
-0.0157682 3.76754 0.303001
-0.0149742 3.74263 0.362586
0.00924497 3.71398 0.543265

0.043464 4.00201 2.25083
-0.0663285 3.98551 2.20978

0.043464 4.00201 2.25083
-0.00372098 4.10574 2.29997
-0.00377526 4.16519 2.37467
-0.00331632 4.23998 2.46185
0.000324227 4.32196 2.55514
0.00363728 4.37874 2.62279
0.00476475 4.50916 2.76611
0.00212634 4.61274 2.88122
0.00127789 4.66954 2.93904
0.000754877 4.7756 3.07298
-0.000244322 4.84597 3.16198
-0.000900852 4.89369 3.22253
-0.00159029 4.94037 3.28181
-0.00169167 5.01404 3.37698
-0.00183697 5.09564 3.48299
-0.00192279 5.15066 3.55451
-0.00205053 5.20628 3.62708
-0.00207498 5.27969 3.72289
-0.00286731 5.36623 3.83691
-0.000881729 5.45539 3.9547
-0.00592108 5.61662 4.17084
-0.0134564 5.68559 4.27069
-0.0139261 5.72882 4.32264
-0.0154722 5.78927 4.39772
-0.0160784 5.84443 4.45519
-0.0162719 5.86602 4.49471
-0.0169453 5.96829 4.62678
-0.0165677 6.01899 4.69984
-0.0130908 6.08357 4.79765

-0.00155511 5.20719 5.63145
-0.000112239 5.23777 5.58707
-0.0013004 5.27058 5.53912
0.00191911 5.32007 5.46784
-0.00462807 5.38123 5.39568
-0.00522766 5.41137 5.36147
-0.00488832 5.54771 5.20637
-0.00194912 5.61685 5.129
-0.00634078 5.71351 5.04538
-0.0112311 5.85823 4.92158
-0.0136633 5.97144 4.85749
-0.0130908 6.08357 4.79765

-0.0130908 6.08357 4.79765
0.000713041 6.16159 4.8372
0.0213682 6.23167 4.89927
0.0397861 6.28873 4.94993
0.0571468 6.31584 4.99079
0.0925364 6.3513 5.05926
0.145395 6.38313 5.11974

-1.01931 0.422806 0.075427
-0.919113 0.400184 0.125295
-0.891842 0.42179 0.173281
-0.865098 0.453473 0.247259
-0.848245 0.483677 0.312445
-0.839332 0.502072 0.350585
-0.821532 0.550689 0.443871
-0.819402 0.605129 0.522967
-0.819121 0.645219 0.576111
-0.821396 0.671778 0.629942
-0.822698 0.686302 0.687086
-0.822126 0.681939 0.744683
-0.821363 0.665754 0.8044
-0.821155 0.634592 0.861869
-0.820841 0.600134 0.909646
-0.82077 0.568335 0.940189
-0.820728 0.559211 0.947897

-1.01931 0.422806 0.075427
-1.04366 0.482545 0.033539
-1.03915 0.574571 -0.0174808
-1.04134 0.650846 -0.0371799
-1.04143 0.736589 -0.0404554
-1.0565 0.925736 -0.00617953
-1.06001 0.978856 0.00333741
-1.06619 1.07198 0.0200443
-1.07402 1.18751 0.0411403
-1.08328 1.28338 0.0693308
-1.08867 1.33514 0.087121
-1.09773 1.41906 0.119035
-1.10259 1.46485 0.13857
-1.10812 1.53024 0.169576
-1.11274 1.58618 0.196325
-1.11559 1.62079 0.212878
-1.12226 1.70154 0.251494
-1.13815 1.89152 0.342425
-1.13961 2.05923 0.414907
-1.12014 2.24315 0.476025
-1.09233 2.38822 0.510812
-1.05031 2.53732 0.533809
-0.865754 2.84428 0.5318
-0.798021 2.94149 0.524323
-0.675642 3.11186 0.513378
-0.57643 3.23766 0.508371
-0.490161 3.34314 0.509535
-0.399438 3.44644 0.50794
-0.315633 3.54052 0.510762
-0.257664 3.58014 0.504731
-0.201317 3.61747 0.50296
-0.103018 3.6639 0.493547
0.00924497 3.71398 0.543265

-1.01931 0.422806 0.075427
-1.13663 0.327981 0.0943148
-1.26353 0.22476 0.101754

-1.26353 0.22476 0.101754
-1.36027 0.184371 0.0873416
-1.40463 0.158929 0.0992558
-1.49838 0.109487 0.127903
-1.56407 0.076331 0.149128
-1.61577 0.0511591 0.166833
-1.71551 0.00407972 0.207825
-1.81566 -0.0324254 0.306125
-1.88191 -0.0639851 0.383817
-1.92842 -0.0745217 0.438116
-1.96344 -0.0828731 0.485337
-1.9983 -0.0950211 0.527875
-2.00815 -0.097902 0.539268
-2.03675 -0.111156 0.573474
-2.04709 -0.116388 0.585573

-1.26353 0.22476 0.101754
-1.16722 0.213571 0.169484
-1.16376 0.177424 0.202799
-1.17248 0.146532 0.240166
-1.19056 0.111853 0.294862
-1.20859 0.0826745 0.347467
-1.24954 0.0203687 0.468659
-1.28219 -0.024772 0.568378
-1.31958 -0.0470282 0.655177
-1.34654 -0.0673524 0.731502
-1.36002 -0.0749547 0.773755
-1.37828 -0.0924546 0.840585
-1.38963 -0.104232 0.882057
-1.39493 -0.112241 0.904109

-0.0663285 3.98551 2.20978
-0.129362 3.95112 2.25329
-0.180173 3.91724 2.30826
-0.305861 3.79916 2.39036
-0.392767 3.71271 2.44834
-0.570063 3.51905 2.51174
-0.652651 3.418 2.52467
-0.736124 3.26606 2.53992
-0.771399 3.19851 2.54701
-0.809993 3.1229 2.55772
-0.855696 3.03837 2.58808
-0.875775 3.00325 2.60698
-0.905334 2.96014 2.65164
-0.923948 2.9382 2.68926
-0.95696 2.90795 2.76831
-0.974652 2.93338 2.84662
-1.02338 2.9784 3.04675
-1.05071 3.01058 3.16613
-1.09323 3.01036 3.30952
-1.12562 3.00322 3.41787
-1.15248 2.99137 3.50681
-1.167 2.97166 3.56705
-1.18451 2.94087 3.62239
-1.20828 2.87816 3.6874
-1.19943 2.79677 3.75792

-0.0663285 3.98551 2.20978
-0.0255949 4.00992 2.09743
-0.0148507 4.02366 1.97545
-0.01296 4.02121 1.91134
-0.0106726 4.02121 1.85884
-0.00841274 4.02102 1.74614
-0.00485643 4.00874 1.58741
-0.00239152 3.99758 1.47522
-0.001096 3.99116 1.41551
9.17227e-05 3.98406 1.35923
0.000866527 3.97758 1.32017
0.00199231 3.9665 1.26094
0.00472475 3.94671 1.15669
0.00835773 3.91609 1.00506
0.000265464 3.9029 0.952975
0.00652361 3.83791 0.834585
0.0111034 3.79914 0.761512
0.0159731 3.77358 0.7148
0.023216 3.73632 0.646847
0.00924497 3.71398 0.543265

-1.19943 2.79677 3.75792
-1.23713 2.73891 3.79696
-1.27427 2.69425 3.82301
-1.29531 2.65664 3.84895
-1.32613 2.54967 3.88623
-1.3468 2.44395 3.90395
-1.36109 2.35268 3.90831
-1.36991 2.26654 3.90344
-1.37532 2.17798 3.8878
-1.3762 2.10149 3.87261
-1.3698 2.03006 3.84114
-1.35855 1.94836 3.7856
-1.33641 1.88198 3.69193

-1.19943 2.79677 3.75792
-1.01597 2.7195 3.87574
-0.96638 2.61722 3.91259
-0.941273 2.50915 3.93075
-0.923139 2.4165 3.93642
-0.913868 2.32762 3.93005
-0.91279 2.31942 3.92951
-0.904941 2.23996 3.91463
-0.89814 2.17471 3.89397
-0.893007 2.11978 3.87549
-0.890661 2.0953 3.86699
-0.88417 2.02466 3.8162
-0.869144 1.92855 3.70585

-1.19943 2.79677 3.75792
-1.3809 2.7459 3.67964
-1.50156 2.66742 3.63605
-1.54291 2.56463 3.60231
-1.55574 2.47838 3.57033
-1.54926 2.39617 3.53038
-1.52832 2.32728 3.48821
-1.49782 2.27886 3.45595
-1.46023 2.23834 3.42026
-1.40086 2.19973 3.33452
-1.31818 2.18354 3.22772

1.31543 1.86601 3.64226
1.36023 1.9521 3.77998

2.04778 -0.115785 0.587142
2.03943 -0.112003 0.577252
2.00184 -0.0974169 0.532404
1.96484 -0.0843628 0.486345
1.92989 -0.0769371 0.440746
1.88128 -0.0707924 0.396185
1.85317 -0.0583328 0.356398
1.80429 -0.0339894 0.295681
1.71758 -0.00408226 0.206552
1.58534 0.056596 0.155286
1.48788 0.107882 0.121585
1.40853 0.151558 0.0955468
1.33973 0.189062 0.0770308
1.29481 0.218125 0.0639521
1.23446 0.253485 0.0581332
1.15937 0.255373 0.0967063

1.39792 -0.114262 0.914281
1.39532 -0.112442 0.904249
1.39112 -0.107227 0.888984
1.38134 -0.0920801 0.847609
1.37241 -0.088242 0.811562
1.36471 -0.0818346 0.778999
1.33614 -0.0697922 0.700069
1.31296 -0.0469355 0.634475
1.28429 -0.0272305 0.568022
1.24217 0.0376124 0.418143
1.2109 0.081772 0.329428
1.19152 0.113041 0.269462
1.17038 0.150212 0.211838
1.15192 0.185315 0.167312
1.15937 0.255373 0.0967063

0.517272 6.40976 5.26321
0.331221 6.41377 5.19327
0.288507 6.41535 5.18103
0.240938 6.40515 5.16059
0.145395 6.38313 5.11974

1.36023 1.9521 3.77998
1.36135 1.93871 3.78143

1.36023 1.9521 3.77998
1.36377 2.00475 3.82803
1.37074 2.046 3.84818
1.37823 2.10367 3.87008
1.37812 2.17771 3.88825
1.37386 2.26046 3.90187
1.3607 2.35504 3.90806
1.34362 2.46333 3.90143
1.31158 2.58219 3.88205
1.27741 2.67209 3.83482
1.24253 2.75547 3.77854

1.24253 2.75547 3.77854
1.29622 2.79519 3.70937
1.38642 2.74501 3.6759
1.50385 2.66613 3.63419
1.53984 2.57964 3.60691
1.54364 2.56817 3.60332
1.55568 2.47859 3.57019
1.54919 2.39621 3.53037
1.52756 2.32745 3.48944
1.49867 2.27892 3.45459
1.45124 2.22993 3.40067
1.35308 2.19445 3.27221

